 Ally Data
0 0 0 0 0 0 0 
1 0 0 0 0 0 0 
0 0 0 0 0 0 0 
0 0 0 0 0 1 0 
0 0 0 0 0 0 0 
0 0 0 1 0 0 0 

Ally Data
0 0 0 0 0 0 0 
1 0 0 0 0 0 0 
0 0 0 0 0 0 0 
0 0 0 0 0 1 0 
0 0 0 0 0 0 0 
0 0 0 1 0 0 0 

Ally Data
0 0 0 0 0 0 0 
1 0 0 0 0 0 0 
0 0 0 0 0 0 0 
0 0 0 0 0 1 0 
0 0 0 0 0 0 0 
0 0 0 1 0 0 0 

Ally Data
0 0 0 0 0 0 0 
1 1 0 0 0 0 0 
0 0 0 0 0 0 0 
0 0 0 0 0 1 0 
0 0 0 0 0 0 0 
0 0 0 1 0 1 0 

Ally Data
0 0 0 0 0 0 0 
1 1 0 0 0 0 0 
0 0 0 0 0 0 0 
0 0 0 0 0 1 0 
0 0 0 0 0 0 0 
0 0 0 1 0 1 0 

Ally Data
0 0 0 0 0 0 0 
1 1 0 0 0 0 0 
0 0 0 0 0 0 0 
0 0 0 0 0 1 0 
0 0 0 0 0 0 0 
0 0 0 1 0 1 0 

Ally Data
0 0 0 0 0 0 0 
1 1 0 0 0 0 0 
0 0 0 0 0 0 0 
0 0 0 0 0 1 0 
0 0 0 0 0 0 0 
0 0 0 1 0 1 1 

Ally Data
0 0 0 0 0 0 0 
1 1 1 -1 0 0 0 
0 0 0 0 0 0 0 
0 0 0 0 0 1 0 
0 0 0 0 0 0 0 
0 0 0 1 0 1 1 

Ally Data
0 0 0 0 0 0 1 
1 1 1 -1 0 0 0 
0 0 0 0 0 0 0 
0 0 0 0 0 1 0 
0 0 0 0 0 0 0 
0 0 0 1 0 1 1 

Ally Data
0 0 0 0 1 0 1 
1 1 1 -1 0 0 0 
0 0 0 0 0 0 0 
0 0 0 0 0 1 0 
0 0 0 0 0 0 0 
0 0 1 1 0 1 1 

Ally Data
0 0 0 0 1 0 1 
1 1 1 -1 0 0 0 
0 0 0 0 0 0 0 
0 0 0 0 0 1 0 
0 0 0 0 0 0 0 
0 0 1 1 0 1 1 

Ally Data
0 1 0 1 1 0 1 
1 1 1 -1 0 0 0 
0 0 0 0 0 0 0 
0 0 0 0 0 1 0 
0 0 0 0 0 0 0 
0 0 1 1 0 1 1 

Ally Data
0 1 0 1 1 0 1 
1 1 1 -1 0 0 0 
0 0 0 0 0 0 0 
0 0 0 0 0 1 0 
0 0 0 0 1 0 0 
0 0 1 1 0 1 1 

Ally Data
1 1 0 1 1 0 1 
1 1 1 -1 0 0 0 
0 0 0 0 0 0 0 
0 0 0 0 0 1 0 
0 0 0 0 1 0 0 
0 0 1 1 0 1 1 

Ally Data
1 1 0 1 1 0 1 
1 1 1 -1 0 0 0 
0 0 0 0 0 0 0 
0 0 0 0 0 1 0 
0 0 0 0 1 0 0 
0 0 1 1 0 1 1 

Ally Data
1 1 0 1 1 0 1 
1 1 1 -1 0 0 0 
0 0 1 0 -1 0 0 
0 0 0 0 0 1 0 
0 0 0 0 1 0 0 
0 0 1 1 0 1 1 

Ally Data
1 1 0 1 1 0 1 
1 1 1 -1 0 0 0 
0 0 1 0 -1 0 0 
0 0 0 0 0 1 0 
0 0 0 0 1 0 0 
0 0 1 1 0 1 1 

Ally Data
1 1 0 1 1 0 1 
1 1 1 -1 0 0 -1 
0 1 1 0 -1 0 0 
0 0 0 0 0 1 0 
0 0 0 0 1 0 0 
0 0 1 1 0 1 1 

Ally Data
1 1 0 1 1 0 1 
1 1 1 -1 0 0 -1 
0 1 1 0 -1 0 0 
0 0 0 0 0 1 0 
0 0 0 0 1 0 0 
0 0 1 1 0 1 1 

Ally Data
1 1 0 1 1 0 1 
1 1 1 -1 0 0 1 
0 1 1 0 -1 0 0 
0 0 0 0 0 1 0 
0 0 0 0 1 0 0 
0 0 1 1 0 1 1 

Ally Data
1 1 0 1 1 0 1 
1 1 1 -1 0 0 1 
0 1 1 0 -1 0 0 
0 0 0 0 0 1 0 
0 0 0 0 1 0 0 
0 0 1 1 0 1 1 

Ally Data
1 1 1 1 1 0 1 
1 1 1 -1 0 0 1 
0 1 1 0 -1 0 0 
0 0 0 0 0 1 0 
0 0 0 0 1 0 0 
0 0 1 1 0 1 1 

Ally Data
1 1 1 1 1 0 1 
1 1 1 -1 0 0 1 
0 1 1 0 -1 0 0 
0 0 0 0 0 1 1 
0 0 0 0 1 0 0 
0 0 1 1 0 1 1 

Ally Data
1 1 1 1 1 0 1 
1 1 1 -1 0 0 1 
0 1 1 0 -1 0 0 
0 0 0 0 0 1 1 
0 0 0 0 1 0 0 
0 0 1 1 0 1 1 

Ally Data
1 1 1 1 1 0 1 
1 1 1 -1 0 0 1 
0 1 1 0 -1 0 0 
0 0 0 0 0 1 1 
0 0 0 0 1 0 0 
0 0 1 1 0 1 1 

Ally Data
1 1 1 1 1 0 1 
1 1 1 -1 0 0 1 
0 1 1 0 -1 0 0 
0 0 0 0 0 1 1 
0 0 0 0 1 0 0 
0 0 1 1 0 1 1 

Ally Data
1 1 1 1 1 0 1 
1 1 1 -1 0 0 1 
0 1 1 0 -1 0 0 
0 0 0 0 0 1 1 
0 0 0 0 1 0 0 
0 0 1 1 0 1 1 

Ally Data
1 1 1 1 1 0 1 
1 1 1 -1 0 0 1 
0 1 1 0 -1 0 0 
0 0 0 0 0 1 1 
0 0 0 0 1 0 0 
0 0 1 1 0 1 1 

Ally Data
1 1 1 1 1 0 1 
1 1 1 -1 0 0 1 
0 1 1 0 -1 0 0 
0 0 0 0 0 1 1 
1 0 0 0 1 0 0 
0 0 1 1 0 1 1 

Ally Data
1 1 1 1 1 0 1 
1 1 1 -1 0 0 1 
0 1 1 0 -1 0 0 
0 0 0 0 0 1 1 
1 0 0 0 1 0 0 
0 0 1 1 0 1 1 

Ally Data
1 1 1 1 1 0 1 
1 1 1 -1 0 0 1 
0 1 1 0 -1 0 0 
0 0 0 0 0 1 1 
1 0 0 0 1 0 0 
0 0 1 1 0 1 1 

Ally Data
1 1 1 1 1 0 1 
1 1 1 -1 0 0 1 
0 1 1 0 -1 0 0 
0 0 0 0 0 1 1 
1 1 0 0 1 0 0 
0 0 1 1 0 1 1 

Ally Data
1 1 1 1 1 0 1 
1 1 1 -1 0 0 1 
0 1 1 0 -1 0 0 
0 0 0 0 0 1 1 
1 1 0 0 1 0 0 
0 0 1 1 0 1 1 

Ally Data
1 1 1 1 1 0 1 
1 1 1 -1 0 0 1 
0 1 1 0 -1 0 0 
0 0 0 0 0 1 1 
1 1 1 0 1 0 0 
0 0 1 1 0 1 1 

Ally Data
1 1 1 1 1 0 1 
1 1 1 -1 0 0 1 
0 1 1 0 -1 0 0 
0 0 0 0 0 1 1 
1 1 1 0 1 0 0 
0 0 1 1 0 1 1 

Ally Data
1 1 1 1 1 0 1 
1 1 1 -1 0 0 1 
0 1 1 0 -1 0 0 
0 0 0 0 0 1 1 
1 1 1 0 1 0 0 
0 0 1 1 0 1 1 

Ally Data
1 1 1 1 1 0 1 
1 1 1 -1 0 0 1 
0 1 1 0 -1 0 0 
0 0 0 0 0 1 1 
1 1 1 0 1 0 0 
0 0 1 1 0 1 1 

Ally Data
1 1 1 1 1 0 1 
1 1 1 -1 0 0 1 
0 1 1 0 -1 0 0 
0 0 0 0 0 1 1 
1 1 1 0 1 0 0 
0 0 1 1 0 1 1 

Ally Data
1 1 1 1 1 0 1 
1 1 1 -1 0 0 1 
0 1 1 0 -1 0 0 
0 0 0 0 0 1 1 
1 1 1 0 1 0 0 
0 0 1 1 0 1 1 

Ally Data
1 1 1 1 1 1 1 
1 1 1 -1 0 0 1 
0 1 1 0 -1 0 0 
0 0 0 0 0 1 1 
1 1 1 0 1 0 0 
0 0 1 1 0 1 1 

Ally Data
1 1 1 1 1 1 1 
1 1 1 -1 0 0 1 
0 1 1 0 -1 0 0 
0 0 0 0 0 1 1 
1 1 1 0 1 0 0 
0 0 1 1 0 1 1 

Ally Data
1 1 1 1 1 1 1 
1 1 1 -1 0 0 1 
0 1 1 0 -1 0 0 
0 0 0 0 0 1 1 
1 1 1 0 1 0 0 
0 0 1 1 0 1 1 

Ally Data
1 1 1 1 1 1 1 
1 1 1 -1 0 0 1 
0 1 1 0 -1 0 0 
0 0 0 0 0 1 1 
1 1 1 0 1 0 0 
0 0 1 1 0 1 1 

Ally Data
1 1 1 1 1 1 1 
1 1 1 -1 0 0 1 
0 1 1 0 -1 0 0 
0 0 0 0 0 1 1 
1 1 1 0 1 1 0 
0 0 1 1 1 1 1 

Ally Data
1 1 1 1 1 1 1 
1 1 1 -1 0 0 1 
0 1 1 0 -1 0 0 
0 0 0 0 0 1 1 
1 1 1 0 1 1 0 
0 0 1 1 1 1 1 

Ally Data
1 1 1 1 1 1 1 
1 1 1 -1 0 0 1 
0 1 1 0 -1 0 0 
0 0 0 0 0 1 1 
1 1 1 0 1 1 0 
0 0 1 1 1 1 1 

Ally Data
1 1 1 1 1 1 1 
1 1 1 -1 0 0 1 
0 1 1 0 -1 0 0 
0 0 0 0 0 1 1 
1 1 1 0 1 1 0 
0 1 1 1 1 1 1 

Ally Data
1 1 1 1 1 1 1 
1 1 1 -1 0 0 1 
0 1 1 0 -1 0 0 
0 0 0 0 0 1 1 
1 1 1 0 1 1 0 
0 1 1 1 1 1 1 

Ally Data
1 1 1 1 1 1 1 
1 1 1 -1 0 0 1 
0 1 1 0 -1 0 0 
0 0 0 0 0 1 1 
1 1 1 0 1 1 0 
1 1 1 1 1 1 1 

Ally Data
1 1 1 1 1 1 1 
1 1 1 -1 0 0 1 
0 1 1 0 -1 0 0 
0 0 0 0 0 1 1 
1 1 1 0 1 1 0 
1 1 1 1 1 1 1 

Ally Data
1 1 1 1 1 1 1 
1 1 1 -1 0 0 1 
0 1 1 0 -1 0 0 
0 0 0 0 0 1 1 
1 1 1 1 1 1 0 
1 1 1 1 1 1 1 

Ally Data
1 1 1 1 1 1 1 
1 1 1 -1 0 0 1 
0 1 1 0 -1 0 0 
0 0 0 0 0 1 1 
1 1 1 1 1 1 0 
1 1 1 1 1 1 1 

Ally Data
1 1 1 1 1 1 1 
1 1 1 -1 0 0 1 
0 1 1 0 -1 0 0 
0 0 0 0 0 1 1 
1 1 1 1 1 1 0 
1 1 1 1 1 1 1 

Ally Data
1 1 1 1 1 1 1 
1 1 1 -1 1 0 1 
0 1 1 0 -1 0 0 
0 0 0 0 0 1 1 
1 1 1 1 1 1 0 
1 1 1 1 1 1 1 

Ally Data
1 1 1 1 1 1 1 
1 1 1 -1 1 0 1 
0 1 1 0 -1 0 0 
0 0 0 0 0 1 1 
1 1 1 1 1 1 0 
1 1 1 1 1 1 1 

Ally Data
1 1 1 1 1 1 1 
1 1 1 -1 1 0 1 
0 1 1 0 -1 0 1 
0 0 0 0 0 1 1 
1 1 1 1 1 1 0 
1 1 1 1 1 1 1 

Ally Data
1 1 1 1 1 1 1 
1 1 1 -1 1 0 1 
0 1 1 0 -1 0 1 
0 0 0 0 0 1 1 
1 1 1 1 1 1 0 
1 1 1 1 1 1 1 

Ally Data
1 1 1 1 1 1 1 
1 1 1 -1 1 0 1 
0 1 1 0 -1 0 1 
0 0 0 0 0 1 1 
1 1 1 1 1 1 0 
1 1 1 1 1 1 1 

Ally Data
1 1 1 1 1 1 1 
1 1 1 -1 1 0 1 
0 1 1 0 -1 0 1 
0 0 0 0 0 1 1 
1 1 1 1 1 1 0 
1 1 1 1 1 1 1 

Ally Data
1 1 1 1 1 1 1 
1 1 1 -1 1 0 1 
0 1 1 0 -1 0 1 
0 0 0 0 0 1 1 
1 1 1 1 1 1 0 
1 1 1 1 1 1 1 

Ally Data
1 1 1 1 1 1 1 
1 1 1 -1 1 0 1 
0 1 1 0 -1 0 1 
0 0 0 0 0 1 1 
1 1 1 1 1 1 0 
1 1 1 1 1 1 1 

Ally Data
1 1 1 1 1 1 1 
1 1 1 -1 1 0 1 
0 1 1 0 -1 0 1 
0 0 0 0 0 1 1 
1 1 1 1 1 1 0 
1 1 1 1 1 1 1 

Ally Data
1 1 1 1 1 1 1 
1 1 1 -1 1 0 1 
0 1 1 0 1 0 1 
0 0 0 0 0 1 1 
1 1 1 1 1 1 0 
1 1 1 1 1 1 1 

Ally Data
1 1 1 1 1 1 1 
1 1 1 -1 1 0 1 
0 1 1 0 1 0 1 
0 0 0 0 0 1 1 
1 1 1 1 1 1 0 
1 1 1 1 1 1 1 

Ally Data
1 1 1 1 1 1 1 
1 1 1 -1 1 0 1 
1 1 1 0 1 0 1 
0 0 0 0 0 1 1 
1 1 1 1 1 1 0 
1 1 1 1 1 1 1 

Ally Data
1 1 1 1 1 1 1 
1 1 1 -1 1 0 1 
1 1 1 0 1 0 1 
0 0 0 0 0 1 1 
1 1 1 1 1 1 0 
1 1 1 1 1 1 1 

Ally Data
1 1 1 1 1 1 1 
1 1 1 -1 1 0 1 
1 1 1 0 1 0 1 
0 0 0 0 0 1 1 
1 1 1 1 1 1 0 
1 1 1 1 1 1 1 

Ally Data
1 1 1 1 1 1 1 
1 1 1 -1 1 0 1 
1 1 1 0 1 0 1 
0 0 0 0 0 1 1 
1 1 1 1 1 1 0 
1 1 1 1 1 1 1 

Ally Data
1 1 1 1 1 1 1 
1 1 1 -1 1 0 1 
1 1 1 0 1 0 1 
0 0 0 0 0 1 1 
1 1 1 1 1 1 0 
1 1 1 1 1 1 1 

Ally Data
1 1 1 1 1 1 1 
1 1 1 -1 1 0 1 
1 1 1 0 1 0 1 
0 0 0 0 0 1 1 
1 1 1 1 1 1 0 
1 1 1 1 1 1 1 

Ally Data
1 1 1 1 1 1 1 
1 1 1 -1 1 0 1 
1 1 1 0 1 1 1 
0 0 0 0 0 1 1 
1 1 1 1 1 1 0 
1 1 1 1 1 1 1 

Ally Data
1 1 1 1 1 1 1 
1 1 1 -1 1 0 1 
1 1 1 0 1 1 1 
0 0 0 0 0 1 1 
1 1 1 1 1 1 0 
1 1 1 1 1 1 1 

Ally Data
1 1 1 1 1 1 1 
1 1 1 -1 1 0 1 
1 1 1 0 1 1 1 
0 0 0 0 0 1 1 
1 1 1 1 1 1 0 
1 1 1 1 1 1 1 

Ally Data
1 1 1 1 1 1 1 
1 1 1 -1 1 0 1 
1 1 1 0 1 1 1 
0 0 0 0 0 1 1 
1 1 1 1 1 1 0 
1 1 1 1 1 1 1 

Ally Data
1 1 1 1 1 1 1 
1 1 1 -1 1 0 1 
1 1 1 0 1 1 1 
0 0 0 0 0 1 1 
1 1 1 1 1 1 0 
1 1 1 1 1 1 1 

Ally Data
1 1 1 1 1 1 1 
1 1 1 -1 1 0 1 
1 1 1 0 1 1 1 
0 0 0 0 0 1 1 
1 1 1 1 1 1 0 
1 1 1 1 1 1 1 

Ally Data
1 1 1 1 1 1 1 
1 1 1 -1 1 0 1 
1 1 1 0 1 1 1 
1 0 0 0 0 1 1 
1 1 1 1 1 1 0 
1 1 1 1 1 1 1 

Ally Data
1 1 1 1 1 1 1 
1 1 1 -1 1 0 1 
1 1 1 1 1 1 1 
1 0 0 0 0 1 1 
1 1 1 1 1 1 0 
1 1 1 1 1 1 1 

Ally Data
1 1 1 1 1 1 1 
1 1 1 -1 1 0 1 
1 1 1 1 1 1 1 
1 1 0 0 0 1 1 
1 1 1 1 1 1 0 
1 1 1 1 1 1 1 

Ally Data
1 1 1 1 1 1 1 
1 1 1 -1 1 0 1 
1 1 1 1 1 1 1 
1 1 0 0 0 1 1 
1 1 1 1 1 1 0 
1 1 1 1 1 1 1 

Ally Data
1 1 1 1 1 1 1 
1 1 1 -1 1 0 1 
1 1 1 1 1 1 1 
1 1 0 0 1 1 1 
1 1 1 1 1 1 0 
1 1 1 1 1 1 1 

Ally Data
1 1 1 1 1 1 1 
1 1 1 -1 1 0 1 
1 1 1 1 1 1 1 
1 1 0 0 1 1 1 
1 1 1 1 1 1 0 
1 1 1 1 1 1 1 

Ally Data
1 1 1 1 1 1 1 
1 1 1 -1 1 0 1 
1 1 1 1 1 1 1 
1 1 0 1 1 1 1 
1 1 1 1 1 1 0 
1 1 1 1 1 1 1 

Ally Data
1 1 1 1 1 1 1 
1 1 1 -1 1 0 1 
1 1 1 1 1 1 1 
1 1 0 1 1 1 1 
1 1 1 1 1 1 0 
1 1 1 1 1 1 1 

Ally Data
1 1 1 1 1 1 1 
1 1 1 -1 1 0 1 
1 1 1 1 1 1 1 
1 1 0 1 1 1 1 
1 1 1 1 1 1 0 
1 1 1 1 1 1 1 

Ally Data
1 1 1 1 1 1 1 
1 1 1 -1 1 0 1 
1 1 1 1 1 1 1 
1 1 0 1 1 1 1 
1 1 1 1 1 1 0 
1 1 1 1 1 1 1 

Ally Data
1 1 1 1 1 1 1 
1 1 1 -1 1 0 1 
1 1 1 1 1 1 1 
1 1 0 1 1 1 1 
1 1 1 1 1 1 0 
1 1 1 1 1 1 1 

Ally Data
1 1 1 1 1 1 1 
1 1 1 -1 1 0 1 
1 1 1 1 1 1 1 
1 1 1 1 1 1 1 
1 1 1 1 1 1 0 
1 1 1 1 1 1 1 

Ally Data
1 1 1 1 1 1 1 
1 1 1 -1 1 0 1 
1 1 1 1 1 1 1 
1 1 1 1 1 1 1 
1 1 1 1 1 1 0 
1 1 1 1 1 1 1 

Ally Data
1 1 1 1 1 1 1 
1 1 1 -1 1 0 1 
1 1 1 1 1 1 1 
1 1 1 1 1 1 1 
1 1 1 1 1 1 0 
1 1 1 1 1 1 1 

Ally Data
1 1 1 1 1 1 1 
1 1 1 -1 1 0 1 
1 1 1 1 1 1 1 
1 1 1 1 1 1 1 
1 1 1 1 1 1 0 
1 1 1 1 1 1 1 

Ally Data
1 1 1 1 1 1 1 
1 1 1 -1 1 0 1 
1 1 1 1 1 1 1 
1 1 1 1 1 1 1 
1 1 1 1 1 1 0 
1 1 1 1 1 1 1 

Ally Data
1 1 1 1 1 1 1 
1 1 1 -1 1 0 1 
1 1 1 1 1 1 1 
1 1 1 1 1 1 1 
1 1 1 1 1 1 0 
1 1 1 1 1 1 1 

Ally Data
1 1 1 1 1 1 1 
1 1 1 -1 1 0 1 
1 1 1 1 1 1 1 
1 1 1 1 1 1 1 
1 1 1 1 1 1 0 
1 1 1 1 1 1 1 

Ally Data
1 1 1 1 1 1 1 
1 1 1 -1 1 0 1 
1 1 1 1 1 1 1 
1 1 1 1 1 1 1 
1 1 1 1 1 1 0 
1 1 1 1 1 1 1 

Ally Data
1 1 1 1 1 1 1 
1 1 1 -1 1 0 1 
1 1 1 1 1 1 1 
1 1 1 1 1 1 1 
1 1 1 1 1 1 0 
1 1 1 1 1 1 1 

Ally Data
1 1 1 1 1 1 1 
1 1 1 -1 1 0 1 
1 1 1 1 1 1 1 
1 1 1 1 1 1 1 
1 1 1 1 1 1 0 
1 1 1 1 1 1 1 

Ally Data
1 1 1 1 1 1 1 
1 1 1 -1 1 0 1 
1 1 1 1 1 1 1 
1 1 1 1 1 1 1 
1 1 1 1 1 1 0 
1 1 1 1 1 1 1 

Ally Data
1 1 1 1 1 1 1 
1 1 1 -1 1 0 1 
1 1 1 1 1 1 1 
1 1 1 1 1 1 1 
1 1 1 1 1 1 0 
1 1 1 1 1 1 1 

Ally Data
1 1 1 1 1 1 1 
1 1 1 -1 1 0 1 
1 1 1 1 1 1 1 
1 1 1 1 1 1 1 
1 1 1 1 1 1 0 
1 1 1 1 1 1 1 

Ally Data
1 1 1 1 1 1 1 
1 1 1 -1 1 0 1 
1 1 1 1 1 1 1 
1 1 1 1 1 1 1 
1 1 1 1 1 1 0 
1 1 1 1 1 1 1 

